"rho" "phi" "sigma" "beta" "alpha" "gamma"
"1" 1.61740145076016 6.68696849883418 1.06051357460663 0.362854872335447 0.91573195516269 0.725385620628783
"2" 0.739958046359659 19.9383849579317 1.81593160162135 0.378033912324879 0.245179734256193 0.617228801336231
"3" 0.40491682225963 15.3964184414404 0.617832333498102 0.327987490833558 0.747782553764409 0.917087785337312
"4" 0.602674260207485 0.590298967934879 1.7192783662514 0.231875150776302 0.755071681393019 0.183257090567037
"5" 0.632651330959301 7.59986849204454 1.34202165346973 0.367481725798695 0.576000651926734 0.415281287308192
"6" 1.90851210907983 1.12446543492427 1.04302876461069 0.261768906192758 0.270849915988427 0.31267225825286
"7" 0.665383141560596 0.425303600495681 2.26173049527071 0.255704517196656 0.390748879530292 0.253487411001905
"8" 0.864135060748335 10.8475000134994 0.496076036792407 0.23253111476879 0.779830428453611 0.329285113056747
"9" 0.92008538139219 12.5046985207051 0.100696784434799 0.0298429941212817 0.732773513226545 0.626402270375235
"10" 1.05480482576864 3.3997113942626 2.49513956199215 0.461518674941804 0.677592247133102 0.501888221305437
"11" 1.00389566833993 4.38663395211084 1.50192655817071 0.392054392939567 0.476812026739935 0.0297866108802347
"12" 1.78924280727473 15.326785472758 2.29483087029231 0.249603714909816 0.0159421207063133 0.0991793288693381
"13" 1.55061108420237 17.3474383719856 0.148183788577236 0.00902790476694853 0.499169072722517 0.0961811877537652
"14" 1.63522722066721 3.66009657000957 2.00279089298419 0.276315407835812 0.32695057060898 0.445039703645827
"15" 0.108558943439026 8.06052082328408 1.39927753367634 0.18077608011507 0.642199202165232 0.309180623591861
"16" 1.75257671853927 7.02071066949949 2.31104466519225 0.0974245946708834 0.900755952831657 0.169855795596959
"17" 0.147862746301273 11.5019775861375 0.314246008630497 0.159199960511614 0.875565653992193 0.922583755018422
"18" 0.32902225952213 11.7484009503927 2.06670891793952 0.0520355298098626 0.725430221965196 0.109080286369135
"19" 1.71877282195575 1.50370243200866 1.228545926385 0.380751415029018 0.193777995456393 0.95230307577419
"20" 1.10207009988413 14.9530258784528 1.76461655845092 0.208938831911447 0.00815644474537943 0.510534768470929
"21" 1.67383196410706 6.87790477856262 2.40842646100126 0.0932206104142616 0.524639027591287 0.476789609285853
"22" 1.98562235823816 16.7735562614689 1.7765994785207 0.019474354873507 0.599480938980248 0.470334785561136
"23" 1.23766115070612 12.7558220570998 1.47290432426286 0.394695756446578 0.863891225321692 0.199961002598034
"24" 0.421071493468064 11.0312307991886 2.33659537878858 0.229908690968711 0.872937126491576 0.15993826718581
"25" 0.392160288898075 7.49694583197457 0.396759409179919 0.0266516872044511 0.107343926562213 0.561260705664089
"26" 1.27775250625356 10.768119579547 2.02758961641718 0.294151398733188 0.815433993955334 0.994381275056055
"27" 0.574611325114217 12.1844671255842 0.221999952926646 0.00189331264690346 0.573763162844573 0.348989773456456
"28" 0.383431602267332 4.26549508257137 1.65710141913223 0.485868265733318 0.173336116343437 0.59029329445184
"29" 1.31260633918282 10.6842895734007 2.41859078109233 0.355825959044263 0.460613217002122 0.487641378845313
"30" 0.0367494709228465 19.2487286945314 1.01697300854929 0.102651312428601 0.506119321697042 0.887733152179862
"31" 0.761966340667901 12.6752256098968 0.243955872852634 0.304468516177751 0.889548613073462 0.0352213062589206
"32" 0.896118955938229 1.6252141552312 1.15826038269266 0.438333139399869 0.292570251136827 0.96663411868628
"33" 0.843132616987402 8.68512885582667 1.62342040767856 0.0322357556360657 0.121045416843637 0.462067319960624
"34" 0.659527656782302 9.01612167494022 2.08828084749257 0.490302297990898 0.126086145036554 0.880004458113815
"35" 1.44821899662618 9.89256059455719 0.525965741253458 0.365320040008165 0.0752937931507144 0.422776450579737
"36" 0.496669306727459 19.8322035960362 0.936485542014063 0.483796332061112 0.213297348203404 0.345446829883648
"37" 0.590154915544969 19.7648784134695 0.30679712879906 0.0570947802422909 0.973732789047062 0.456543545332222
"38" 0.0114247667204056 15.6460320672237 1.60820895638868 0.203138664957805 0.282011762222932 0.693756685316787
"39" 0.828833538858037 19.681154917593 0.293184722257657 0.140715738606689 0.445710740191446 0.838364202303637
"40" 0.684837459613586 7.31411258176585 0.832539374270189 0.117772553578626 0.174556009799874 0.287499251672541
"41" 1.12891688448976 0.188676704814757 2.18897278123872 0.454661102616228 0.14771861227408 0.378759928501885
"42" 1.23190564533122 17.5394185654087 2.05949399865338 0.411070608705943 0.227917301968513 0.449160161043567
"43" 1.96750742999679 18.9870055193439 0.809307110724019 0.0123449114180403 0.689950401200414 0.82831656430374
"44" 0.10308943452089 3.09241845526101 2.01517165189736 0.198522860147412 0.218118512529015 0.963103136491554
"45" 0.98996508228551 5.95539564850956 0.87928562990263 0.475824342344692 0.922591729939865 0.781972836906789
"46" 0.550471206657156 3.8405805075932 0.416807770870946 0.0846760734000002 0.683952442817307 0.399610781316629
"47" 0.55936609976925 13.9415788459675 2.4621896012338 0.347602034939233 0.188533251388955 0.876848577658945
"48" 1.69689529233437 1.81030668582285 0.952954586794346 0.465543619816474 0.612472299559158 0.718582567747425
"49" 0.0328773261405461 0.32250686968577 2.23341164797603 0.220710430602464 0.493027278936227 0.61416921197919
"50" 0.501080056529775 7.99798566338723 0.0318063164870961 0.479044730910703 0.304074545706888 0.647457032298137
"51" 1.4837317373271 1.93260931750826 2.1629226794851 0.426783836175933 0.739870578914373 0.223749999546271
"52" 1.52485065420582 4.70091386627506 1.07512409735136 0.0804741058309446 0.903039714322533 0.238596499894421
"53" 0.170646311041699 10.5962485311777 0.563724051633991 0.166697478948793 0.38614154629613 0.363070245652385
"54" 1.59464628566223 0.843424924678402 1.44310889919974 0.292323768795801 0.548003742617896 0.911565714012665
"55" 0.467805232216571 2.47803381132793 0.669750150773325 0.397329563299406 0.96565562926844 0.433050165451797
"56" 1.84067238006225 5.45870769602646 1.89746261923574 0.282973855230791 0.713366786551238 0.299577444738783
"57" 1.90159744273738 15.0443545917473 1.00399379330806 0.342904165362207 0.447130232923623 0.83105593005478
"58" 1.9214496501684 7.40623718643162 0.477250015168725 0.188156164520998 0.239032413337554 0.848789558105636
"59" 1.46648361426196 17.8719319551185 1.75547024502521 0.286104062332015 0.958960946127523 0.97141104192685
"60" 0.830704774603613 18.2918587306007 0.638301735369688 0.415909081898073 0.705964589218118 0.203668740837851
"61" 0.430282450401657 1.73647769926382 2.04790579022821 0.125694018918564 0.164972383468661 0.232819461600489
"62" 0.876503552601207 4.49683922130914 0.0861252443168528 0.120068691578386 0.64536963692912 0.0575211100097347
"63" 1.76742054469651 19.3861023890453 2.36677639854731 0.0781388580518459 0.953621912616654 0.0179546306306812
"64" 1.05247665608061 11.4041387552321 2.27416368042083 0.423046541769249 0.250705058838191 0.121346234962402
"65" 0.512577345971035 6.40067453972214 0.252503841337394 0.170196285616839 0.313607426175232 0.00227544578228844
"66" 0.0860730869026156 9.16358817680573 2.35592135352168 0.00731847093369912 0.571418013689773 0.539976461927706
"67" 1.56332940660858 13.7253681237676 0.946712807313556 0.259832527994149 0.945754584867765 0.873084092255989
"68" 0.58626637080202 9.6921355347357 2.31017364306743 0.273845908972622 0.00313519611622074 0.11719967488794
"69" 1.87548519549143 10.1823545466011 0.277544889468118 0.479958960823881 0.412954352122532 0.334917239182687
"70" 1.74954990714988 11.6627196254974 0.589601373560851 0.0448716324473415 0.765720265605653 0.82110774521321
"71" 1.86735737901888 17.8512178980704 1.83931684806209 0.399886707396425 0.0879923241851169 0.623814037285878
"72" 1.33098387668101 15.8851204488435 1.58682490225017 0.284645851252987 0.514722568246985 0.933540921729998
"73" 0.367094964535292 13.7975016322369 0.234022479689884 0.145429133182915 0.720960231729675 0.576617765470084
"74" 1.07897772036501 4.29380472682949 1.3528070616407 0.383447901693476 0.633100838458631 0.755169767224288
"75" 1.80155700351627 4.80535370709341 0.731056468700574 0.211110222158043 0.934495371633342 0.644918764890463
"76" 0.9748163136163 9.42384857378784 0.557376905767991 0.429424475761542 0.480764246990605 0.798650102375957
"77" 1.99621437147601 13.3544352677252 0.593039147432657 0.235833970795024 0.825244977453882 0.209902475075588
"78" 1.68291386358032 0.139832400371753 1.33903498143159 0.443888900841037 0.364320347156276 0.0922372132221686
"79" 1.88638136011598 11.244828528101 1.9289468642715 0.403034934300584 0.131831037851433 0.391450446609399
"80" 0.869057915944722 1.02353791521247 1.05473417943878 0.447823432524664 0.369442127368529 0.409507186360965
"81" 0.221390949391727 18.488665582159 0.653809700054678 0.418562737069026 0.929599142596999 0.78686412244029
"82" 1.47836759023734 6.18156972152065 1.66376375240881 0.433013458692585 0.187064862707172 0.187654642837255
"83" 0.544401672953557 12.8682282474931 1.0343367015074 0.491208817996916 0.135670517153423 0.825746217289374
"84" 1.54444426862132 1.56397803605484 0.368128889996504 0.314249837330863 0.66829320324905 0.0866941486580929
"85" 1.92890520756399 18.1014101641319 2.07995577813563 0.140049719267284 0.53676939070179 0.0375789938459223
"86" 1.62790523679827 3.78632394432706 0.799315233421761 0.014564100060982 0.961051942307677 0.930611242360361
"87" 0.694859216027128 1.36376147536794 0.179838217482029 0.280298037167605 0.334584064770232 0.596570324849121
"88" 1.94011932540577 3.24674007859098 0.613207502576967 0.182956497761812 0.355873312528794 0.0580851063558449
"89" 1.02866007596354 5.88011728946835 2.37815002186055 0.144067342018388 0.0953462629497933 0.151578622209075
"90" 1.06379535319658 16.4945367145784 1.85953426250697 0.24006056415705 0.0834240151608745 0.0694720673958987
"91" 1.18595470724436 0.500209681236551 0.488517480329652 0.468211934014627 0.652994800568974 0.481782202799098
"92" 1.32442149287505 2.10875127894854 1.38113004596432 0.242970606315794 0.31732770846429 0.00814064308776454
"93" 0.813239599638369 9.60623842595461 2.27743691141898 0.0984966596079175 0.993889250625216 0.977629700276468
"94" 0.194661845521685 9.30771700328998 2.09917037030599 0.436912205597244 0.0508591831520399 0.395857407753023
"95" 1.19146812296822 8.54659163503259 0.335293935326523 0.353890519504473 0.060107394226569 0.853087205477225
"96" 0.0536739016762502 5.61553866107715 2.2441573154044 0.194366821438702 0.828916092269148 0.65860122813839
"97" 1.36129567489427 6.72746296539637 0.752894415478035 0.498619048352079 0.335760875587377 0.494709509303253
"98" 0.305373955266467 18.3361524761338 1.91816175082619 0.414487416891331 0.0400974587495771 0.763477955086273
"99" 0.138573222113856 8.2429765348622 2.48173494437911 0.40944893753944 0.695193442071156 0.403541739927147
"100" 1.16600838394619 5.1682145725811 2.20702660682166 0.302199459454381 0.323156460887861 0.112213296169232
"101" 1.21043310186984 3.17702031349264 1.94546615521956 0.306217267364056 0.0307324130086012 0.552871785395837
"102" 1.83440959856879 1.17001650175163 1.4805927789426 0.150669900460863 0.0102682297053564 0.275989579717654
"103" 1.14276095897783 5.70114797299279 1.16537885647891 0.375815430465341 0.836464948539547 0.354092679620538
"104" 0.131324217103871 5.39641651832166 0.125754440385728 0.451929776246938 0.77434445362139 0.891257964711778
"105" 0.794322758721786 16.119049390067 2.14025566533434 0.184023856596468 0.453157619500416 0.0653002187547307
"106" 1.45998245296401 7.76647502801747 0.78167686942574 0.237677391057202 0.78534686718714 0.129703746439191
"107" 0.209097740909783 6.10977391864123 0.664592356518239 0.328533330807529 0.20882151826975 0.0459341310841929
"108" 1.38546254073611 2.26043869585348 0.627650779944296 0.462872568028875 0.939912083072288 0.0171184667269699
"109" 0.944395878017531 0.0125902881388486 2.32403808549082 0.0632173487002936 0.118594260916455 0.710702335015022
"110" 0.953176058115787 14.3130890042396 0.571784661715355 0.160816965221914 0.925523422688587 0.770043665428862
"111" 0.0785371710579576 11.5471507637371 2.45410354679864 0.19919292331906 0.58475751900031 0.569807235805326
"112" 1.9559654583219 7.53454334196119 0.0751104069006812 0.0387254281642007 0.255952486529298 0.57517338616682
"113" 0.302204426419589 17.0057457878387 2.17979428274962 0.289640912590195 0.670806502355845 0.161205358422844
"114" 1.26975280748697 2.34841363311196 1.86858235292675 0.333626548015932 0.0471000584470208 0.950805762262982
"115" 0.0178842995020594 13.5726519324193 1.48736053045338 0.49722137531145 0.0556885949595848 0.588432695113754
"116" 0.160998396766705 14.7457903389711 1.26670159554124 0.337672179929151 0.563055090902448 0.278102477046819
"117" 0.774007033417417 19.2870188106982 1.41523372975696 0.0868029128609383 0.551631191408627 0.175650694055158
"118" 0.564274644684961 13.2900119217603 1.63909642152638 0.440005444365462 0.418605181511209 0.996832678023826
"119" 0.993907697546612 3.71734260658351 0.0479177238724203 0.421208774350816 0.820848702733721 0.231006555917182
"120" 0.720304756017867 2.18184394200632 0.134872167052111 0.268315413375344 0.621831481335643 0.317824997491178
"121" 0.856519932153917 14.2121472435455 1.80467316384238 0.0411042043810344 0.522053385136782 0.944424480382752
"122" 0.34943479318047 10.4204128851416 0.851756584218362 0.0348128884366555 0.809313571106551 0.215801726479965
"123" 0.270387922671424 4.09850927772433 1.54997030026477 0.35202944889014 0.831547905301185 0.927432130506661
"124" 0.530675543137477 2.95392883567339 1.5701112123965 0.336837080862356 0.0919429490064171 0.839881942370474
"125" 0.286232565269789 5.2547490179547 1.2959262869195 0.47231225016003 0.553577827913354 0.665762440134131
"126" 1.57731555549669 2.66288407679115 0.775791115076052 0.0437911233815872 0.0356776142621779 0.144199201187543
"127" 0.647312499672158 17.7587321460721 0.902899477904222 0.0707132600598145 0.681985672169373 0.721571320912127
"128" 1.35503225142643 19.074096699 2.35346976100897 0.252237657601134 0.301237869487003 0.270314490827981
"129" 0.277961932769228 2.88196420276238 0.695763105104561 0.227332779409543 0.381143807267238 0.33236736179554
"130" 0.47774109121279 7.18106201492317 0.682225638237079 0.359919452843315 0.762452945364722 0.680112235705435
"131" 0.313805892755876 14.3757541092054 1.97219773392395 0.246028983967075 0.373630116981596 0.373587812400988
"132" 0.154994245252705 14.4690034983588 0.842441942404548 0.473425210386527 0.661882049266881 0.530751422882271
"133" 1.09208716046955 9.77462198470935 0.191805155198901 0.46991985414674 0.457005224821582 0.257675545207998
"134" 0.339753174131537 15.4524093025663 1.28429342689352 0.344156567471405 0.168448943400498 0.450912838315292
"135" 1.69614129267783 8.42428286778159 2.15062769342174 0.386609219243318 0.989734709057042 0.222645204652508
"136" 0.908163182738852 10.0043514925138 1.73267530628177 0.0684528102844654 0.606585902537128 0.324193406259708
"137" 0.711921532894069 16.8160277177854 1.22551071263453 0.207505318253555 0.753858688841449 0.386665816076857
"138" 0.236596122895467 0.78350311016298 1.36657003571859 0.0369608761533787 0.848275507392827 0.129071030125488
"139" 1.38062318322981 14.0688503832332 1.21628157981312 0.408038128588357 0.440155955973231 0.0418028842541389
"140" 0.748442796075584 11.1349884650138 1.25467313950399 0.21785785368151 0.249038451380329 0.546366630430774
"141" 0.439962074846595 2.01312923806004 1.45731520698454 0.110671554099619 0.200518292287597 0.73705940826663
"142" 0.22996560881854 15.7863428248675 0.73674109402938 0.134722579384418 0.0778849349558836 0.900618664101265
"143" 0.0479510085840177 11.2901442945544 0.453180051104677 0.264607208991427 0.203788983226072 0.793086478394149
"144" 1.64453060515267 7.81120440380099 1.3927593292049 0.107011073468519 0.281118846560795 0.382415035252052
"145" 0.247461656775808 16.3920969191947 1.10232582567863 0.298372716284835 0.718167666422752 0.654022897398266
"146" 1.85643786216886 17.6230430541909 1.55673749113963 0.121967176378218 0.295177781131185 0.28195906525694
"147" 1.01570915302727 2.81377603879914 0.91850086577324 0.0283704331590603 0.219332560673398 0.63847592577596
"148" 1.58141382244607 5.06975503777669 0.540404323468725 0.0494682991541465 0.37523376318755 0.298840412119586
"149" 1.11233540719591 14.612216300988 0.991644303056611 0.404406443082345 0.259725340106732 0.36611930424572
"150" 1.40315519243761 8.64218490374956 0.973738771657996 0.19179386507884 0.46583429859103 0.808214557098316
"151" 0.777633566423901 12.4018840688223 0.46460391339029 0.339904519066684 0.152233610241508 0.582757244465548
"152" 1.02201524841283 10.3539127451118 1.60394432859123 0.384105094238164 0.0410476863783385 0.687115831638429
"153" 0.725180557841668 8.38194893157509 2.17330142478334 0.317627717490333 0.561134578248519 0.293061217706833
"154" 1.36620188237326 9.91684407130898 0.375152630123401 0.154445638614041 0.409254390140372 0.505012838512942
"155" 1.78233035533464 8.17674768884899 1.43617709824217 0.11604316766326 0.893230034017636 0.97947415157874
"156" 0.965779651278613 16.0187138199399 0.384159755508985 0.31031747932762 0.485510205047571 0.745546610675644
"157" 0.914455714423509 17.0658073260607 1.18283075163033 0.34967115411668 0.14282839808584 0.733210868576342
"158" 0.393389658237408 9.10088910606906 1.27450017678711 0.244827309293344 0.223879558823163 0.893344665053259
"159" 1.31028779240608 18.9119326805979 1.68395685707635 0.21519844996718 0.181942601852435 0.799181519189525
"160" 0.636318788736909 14.1917798351746 1.13957857357621 0.257578193198632 0.510069908449493 0.903980071553503
"161" 1.12236262184368 7.92977719673737 2.12661264860279 0.308844419774167 0.885034335880066 0.429824325136516
"162" 1.43878302310934 16.9276280828178 1.7446868175596 0.213495082024435 0.490242257394129 0.499013532773201
"163" 1.6683756750156 18.7580081327802 2.21243958514606 0.147442483758433 0.949205723367673 0.730078779670293
"164" 0.518847832643327 15.254179267088 1.89248592864585 0.172348495545261 0.908719038427599 0.742132992948297
"165" 1.08324385913563 6.01544230346917 0.722999739744929 0.221636137098747 0.786169207785861 0.750035158832491
"166" 0.699185475973146 7.08259126849173 1.52474530863661 0.271117034058469 0.844095195192494 0.663403300133983
"167" 0.955404845471743 15.1325213186958 0.912542725829033 0.00331234449809667 0.969893037568129 0.0824289133795121
"168" 1.53091001047453 12.4754741722843 1.42412274565036 0.158088503266689 0.659747240062903 0.18239578487971
"169" 1.91626536230615 2.69685274062795 1.96243793850174 0.133408647426612 0.357508609446605 0.844699216881833
"170" 1.51179886092307 9.51734536414733 2.11660338505681 0.0208775622808649 0.841313512690249 0.807712964816476
"171" 1.73791233191982 19.1346135356538 1.98966373289295 0.108109148030053 0.500620692099411 0.778747403774884
"172" 1.21477010017302 11.9781186784218 2.39375526049636 0.0233877323553315 0.86892868733204 0.0267351404254441
"173" 1.25344764352693 17.4341915227706 1.68993006258981 0.0886223627775118 0.983109115310072 0.151853665967272
"174" 1.15656743431672 15.5834042766531 1.31306492055955 0.0898160707760586 0.0690331493128074 0.988114950918576
"175" 1.3416972535072 13.4885807526423 2.22401238747417 0.127841308039933 0.795253166963188 0.343417885800591
"176" 0.886123446178057 9.24340419577285 1.88557733578169 0.0958228323283298 0.854898678191863 0.632331278994181
"177" 1.24720979286316 15.9205268386203 1.93627560552808 0.0539852777931498 0.729261001515884 0.677789017592399
"178" 1.39637895483715 5.73829615472018 1.97591408205231 0.0606060985394704 0.113094144305381 0.814643242677058
"179" 1.41993566127037 13.1663317135618 2.47291622582322 0.130074509479268 0.468850035234937 0.698996527864698
"180" 1.56213194754673 11.8147906106606 1.85074838815906 0.112881646426623 0.274868034732728 0.957038280152899
